57988239011, 100009464799, 33950552707, 100016777664, 100008203515, 
10029652730138, 10031479252312, 57988239011, 100021876378, 10030137184873, 
10029823839024, 10025319502106, 100013552783, 10026505315633, 10027562394753, 
100019737370, 100021942376, 100021976300, 61503925533, 10031299389342, 
10025679850267, 100011483893, 59056890368, 10031503635733, 72006384494, 
59390326417, 10030452388093, 100020878588, 100019572430, 100015781264, 
100010348923, 100016777690, 100013483267, 100021400874, 10024763649796,
10031568720333, 12033513817, 38040837887, 100019543670, 100022082610, 
100016948626, 71976348985, 10029764289311, 100016724434, 100021400870, 
100023485336, 100021583908, 27631654906, 100013552775, 10027560281719, 
57773460022, 41444144989, 100021150248, 28404544529, 25168769082, 
28206239565, 10031819693618, 47878949717, 10030792787755, 100021802484, 
41444144989, 100017442148, 100012032127, 65231329400, 100025374022, 
100018838168, 10027560281719, 100021167332, 10027915607364, 100016616050, 
34309184495, 100011431721, 28206239565, 10032116651886, 10030159883719, 
100022974648, 10026745152590, 100022082612, 10033230452692, 26877580262, 
10025283630756, 10027677818775, 10034903185200, 10029764289319, 10028985684919, 
10026619772341, 10020928577814, 14496797469, 100011175665, 10033909772792, 
10032044518962, 10030492350176, 100021802458, 10031573884944, 18788509139, 
62210722544, 57988239011, 100012562033, 100020877742, 10031399378760, 
10029821921973, 69844289795, 10028335960369, 100015691164, 53771384411, 
10025743152718, 100020732998, 100022243346, 10028985684919, 10030459278343, 
10029911227245, 10029911227245, 10081221177, 10028640467578, 10027560281719, 
10027198135274, 100022195792, 10032224845150, 71416498590, 24998468455
10025743152718, 57120254694, 100011530887, 100016024140, 10022319995209, 
10025626890432, 64216440040, 10022319995210, 64513897797, 10026425107662, 
10033872692596, 100019979492, 100021725644, 43904697175, 10021069580638, 
100018584132, 100013151565, 10028446220494, 100021583908, 57696368451, 
28694162121, 10028108187640, 100019867006, 36324360006, 10028301795975, 
10031388198877, 10027330145738, 10031303380550, 10034155237956, 10029592975826, 

